72786 OTX Spokane Observations at 00Z 08 Sep 2016

-----------------------------------------------------------------------------
   PRES   HGHT   TEMP   DWPT   RELH   MIXR   DRCT   SKNT   THTA   THTE   THTV
    hPa     m      C      C      %    g/kg    deg   knot     K      K      K
-----------------------------------------------------------------------------
 1000.0    131
  933.0    728   20.8    4.8     35   5.81    250      8  299.8  317.4  300.9
  925.0    800   19.6    3.6     35   5.38    225     11  299.3  315.6  300.3
  918.0    865   18.4    3.4     37   5.35    219     13  298.8  314.9  299.7
  912.7    914   17.9    3.3     38   5.34    215     14  298.8  314.9  299.7
  880.4   1219   14.9    2.6     44   5.28    215     14  298.8  314.7  299.7
  850.0   1517   12.0    2.0     50   5.23    225     14  298.7  314.5  299.6
  818.7   1829    9.0    0.8     56   4.96    235     17  298.7  313.7  299.6
  815.0   1867    8.6    0.6     57   4.93    235     17  298.7  313.6  299.6
  788.9   2134    6.0    0.3     67   4.99    235     17  298.8  313.9  299.7
  760.1   2438    3.1   -0.0     80   5.05    240     16  298.8  314.1  299.7
  753.0   2515    2.4   -0.1     84   5.07    238     16  298.8  314.1  299.7
  734.0   2721    0.6   -1.6     85   4.66    231     16  299.0  313.2  299.9
  732.0   2743    0.5   -2.2     82   4.46    230     16  299.1  312.7  299.9
  727.0   2798    0.2   -3.8     74   3.99    234     16  299.4  311.7  300.1
  705.0   3043   -1.9   -4.2     84   3.99    251     13  299.7  312.0  300.5
  700.0   3100   -2.3   -4.9     82   3.81    255     13  299.9  311.6  300.6
  680.0   3329   -3.9   -8.1     73   3.07    255     13  300.6  310.2  301.2
  678.0   3353   -4.0   -8.3     72   3.03    255     13  300.7  310.2  301.3
  663.0   3529   -4.9   -9.9     68   2.73    267     17  301.7  310.3  302.2
  652.2   3658   -4.2  -17.3     35   1.52    275     20  303.9  308.9  304.1
  647.0   3721   -3.9  -20.9     25   1.12    272     21  304.9  308.7  305.1
  638.0   3831   -4.5  -22.5     23   0.99    266     23  305.5  308.8  305.6
  627.4   3962   -5.5  -17.7     38   1.53    260     25  305.8  310.9  306.1
  618.0   4081   -6.3  -13.3     58   2.23    268     28  306.2  313.4  306.6
  611.0   4169   -6.7  -15.7     49   1.85    274     30  306.7  312.8  307.1
  608.0   4208   -6.9  -14.9     53   1.99    276     31  306.9  313.5  307.3
  604.0   4259   -6.9   -9.7     80   3.05    279     33  307.5  317.3  308.1
  603.4   4267   -6.8   -9.8     79   3.02    280     33  307.7  317.4  308.2
  598.0   4337   -6.1  -11.1     68   2.75    281     33  309.3  318.3  309.8
  586.0   4496   -6.1  -13.1     58   2.39    284     33  311.1  319.0  311.6
  558.0   4877   -8.1  -14.2     62   2.30    290     32  313.1  320.8  313.6
  555.0   4919   -8.3  -14.3     62   2.29    289     33  313.4  321.0  313.8
  539.0   5145   -9.5  -18.5     48   1.66    281     39  314.6  320.2  314.9
  536.4   5182   -9.8  -18.5     49   1.67    280     40  314.6  320.4  314.9
  524.0   5362  -11.3  -18.3     56   1.74    280     39  314.9  320.9  315.3
  516.0   5480  -11.9  -19.9     51   1.54    280     39  315.6  320.9  315.9
  500.0   5720  -13.5  -19.5     61   1.64    280     38  316.5  322.2  316.8
  482.0   5998  -15.9  -21.9     60   1.38    276     39  316.9  321.7  317.2
  475.8   6096  -16.5  -20.5     71   1.58    275     40  317.3  322.8  317.6
  470.0   6188  -17.1  -19.2     84   1.79    276     41  317.7  323.9  318.0
  460.0   6349  -18.1  -22.3     70   1.40    277     42  318.4  323.3  318.7
  438.0   6714  -21.1  -23.5     81   1.32    280     44  319.1  323.7  319.4
  431.0   6833  -21.5  -24.8     75   1.19    281     45  320.1  324.3  320.3
  426.0   6919  -21.7  -26.7     64   1.02    281     45  320.9  324.5  321.1
  403.0   7326  -24.7  -28.7     69   0.89    285     48  322.1  325.4  322.3
  400.0   7380  -25.1  -29.5     67   0.83    285     48  322.3  325.3  322.4
  386.9   7620  -26.8  -31.7     64   0.70    285     51  323.1  325.7  323.2
  385.0   7656  -27.1  -32.0     63   0.68    285     51  323.2  325.7  323.3
  368.0   7979  -29.9  -32.9     75   0.66    284     53  323.7  326.1  323.8
  354.0   8254  -31.5  -36.5     61   0.48    283     54  325.1  326.9  325.2
  338.0   8579  -34.1  -40.1     55   0.35    282     55  325.9  327.2  326.0
  319.0   8980  -37.7  -42.0     64   0.30    281     57  326.3  327.5  326.4
  311.5   9144  -38.9  -43.5     61   0.26    280     58  326.9  328.0  327.0
  305.0   9288  -39.9  -44.9     59   0.23    280     60  327.5  328.4  327.5
  300.0   9400  -40.9  -45.2     63   0.23    280     62  327.6  328.5  327.6
  290.0   9631  -42.7  -46.0     70   0.21    280     63  328.2  329.1  328.3
  275.0   9990  -46.3  -50.2     64   0.14    280     64  328.0  328.6  328.1
  269.0  10137  -47.3  -52.3     56   0.11    280     64  328.7  329.1  328.7
  253.0  10542  -51.1  -58.1     43   0.06    280     66  328.8  329.1  328.9
  250.0  10620  -51.1  -59.1     38   0.05    280     66  330.0  330.2  330.0
  246.0  10724  -51.7  -60.7     33   0.04    280     67  330.6  330.8  330.6
  239.0  10911  -50.5  -65.5     15   0.02    284     72  335.1  335.2  335.1
  236.7  10973  -50.4  -67.5     12   0.02    285     73  336.2  336.3  336.2
  224.0  11333  -49.9  -78.9      2   0.00    285     69  342.3  342.3  342.3
  216.0  11569  -50.3  -83.3      1   0.00    285     66  345.3  345.3  345.3
  210.0  11753  -49.3  -82.3      1   0.00    285     64  349.6  349.6  349.6
  205.7  11887  -50.3  -83.3      1   0.00    285     63  350.2  350.2  350.2
  202.0  12006  -51.1  -84.1      1   0.00    282     64  350.7  350.7  350.7
  200.0  12070  -50.7  -83.7      1   0.00    280     64  352.3  352.3  352.3
  191.0  12370  -51.3  -84.3      1   0.00    281     67  356.0  356.0  356.0
  183.0  12649  -51.1                         283     69  360.7         360.7
  170.5  13106  -53.8                         285     73  363.7         363.7
  170.0  13125  -53.9                         285     73  363.8         363.8
  168.0  13202  -54.3                         286     72  364.3         364.3
  161.0  13475  -54.3                         289     67  368.8         368.8
  158.0  13596  -53.3                         291     65  372.5         372.5
  150.0  13930  -54.3                         295     60  376.3         376.3
  142.0  14281  -54.7                         293     53  381.6         381.6
  128.0  14935  -58.0                         290     41  387.0         387.0
  122.0  15240  -59.6                         280     40  389.6         389.6
  120.0  15344  -60.1                         278     41  390.5         390.5
  112.0  15775  -59.7                         271     47  399.0         399.0
  110.7  15850  -58.9                         270     48  401.8         401.8
  108.0  16004  -57.3                         273     47  407.7         407.7
  105.5  16154  -57.3                         275     46  410.4         410.4
  102.0  16365  -57.3                         278     34  414.4         414.4
  100.0  16490  -58.1                         280     27  415.2         415.2
   91.2  17069  -59.2                         275     42  424.1         424.1
   90.4  17123  -59.3                         278     41  425.0         425.0
   86.9  17374  -58.5                         290     35  431.4         431.4
   82.8  17678  -57.6                         260     32  439.3         439.3
   75.2  18288  -55.6                         290     33  455.6         455.6
   73.9  18395  -55.3                         292     28  458.6         458.6
   71.6  18593  -55.9                         295     20  461.4         461.4
   70.0  18740  -56.3                         270     14  463.6         463.6
   68.3  18898  -57.0                         260     16  465.4         465.4
   68.0  18924  -57.1                         262     17  465.7         465.7
   65.1  19202  -56.4                         280     22  473.1         473.1
   62.0  19507  -55.7                         270     21  481.2         481.2
   59.1  19812  -54.9                         295     17  489.6         489.6
   57.6  19980  -54.5                         265     14  494.2         494.2
   56.4  20117  -55.0                         240     12  496.1         496.1
   51.4  20705  -57.3                         263     13  504.0         504.0
   50.0  20880  -56.5                         270     13  509.9         509.9
   46.5  21336  -54.7                         245     20  524.9         524.9
   45.9  21425  -54.3                         254     20  527.8         527.8
   44.4  21641  -54.1                         275     20  533.5         533.5
   41.8  22025  -53.7                         250     22  543.6         543.6
   40.4  22250  -54.7                         235     23  546.5         546.5
   39.6  22370  -55.3                         251     21  548.0         548.0
   38.5  22555  -54.6                         275     17  554.3         554.3
   36.7  22860  -53.5                         265     17  564.7         564.7
   35.0  23165  -52.4                         285     12  575.3         575.3
   34.5  23255  -52.1                         278     10  578.4         578.4
   33.4  23470  -53.0                         260      6  581.5         581.5
   33.3  23484  -53.1                         262      6  581.7         581.7
   31.8  23774  -51.7                         295     12  592.9         592.9
   30.4  24074  -50.3                         229      8  604.6         604.6
   30.0  24160  -50.5                         210      7  606.4         606.4
   29.0  24384  -51.1                         215      7  610.8         610.8
   26.6  24940  -52.5                         236     16  621.9         621.9
   25.2  25298  -50.9                         250     21  636.4         636.4
   24.0  25603  -49.5                         320     13  648.9         648.9
   22.0  26181  -46.9                          31      3  673.3         673.3
   21.9  26213  -47.0                          35      2  673.9         673.9
   20.0  26810  -48.5                         205      7  687.0         687.0
   18.2  27432  -48.7                         270      8  705.1         705.1
   18.1  27467  -48.7                         264      7  706.2         706.2
   17.4  27737  -47.5                         220      1  718.4         718.4
   16.6  28042  -46.0                         195     11  732.5         732.5
   16.3  28161  -45.5                         185     13  738.0         738.0
   15.9  28346  -45.6                         170     15  743.6         743.6
   15.2  28651  -45.8                         195     14  752.8         752.8
   14.6  28896  -45.9                         283     18  760.3         760.3
   14.5  28956  -45.5                         305     19  763.7         763.7
   13.8  29274  -43.1                         289     16  782.1         782.1
   12.7  29835  -42.5                         262     11  803.0         803.0
   12.4  29997  -40.9                         254     10  814.1         814.1
   11.9  30276  -43.1                         240      8  816.0         816.0
   11.5  30480  -43.5                         230      6  821.5         821.5
   11.1  30744  -44.1                         343      1  828.7         828.7
   11.0  30785  -43.9                           0      0  830.8         830.8
   10.0  31450  -40.9                          30      6  865.7         865.7
    9.9  31518  -40.5                          38      7  869.7         869.7
    9.1  32091  -41.3                         105     14  887.9         887.9
    8.8  32309  -40.5                         130     17  899.2         899.2
    8.5  32556  -39.5                                     912.4         912.4